-102 4
-8 10
-102 3
-101 3
13 15
-7 10
-101 5
-101 4
-101 5
-101 6
-9 10
13 15
17 18
-9 10
10 15
-9 10
17 18
-9 10
-9 10
17 18
-9 10
-9 10
-8 10
-101 8
8 13
-101 5
-102 8
-102 8
10 13
8 12
-101 4
-101 3
-101 3
-101 3
-101 7
-101 4
-101 6
-101 4
-101 5
-101 3
-101 4
-101 7
-101 3
-101 5
-101 3
-101 3
-101 4
-101 6
-101 3
-101 5
-102 7
-101 7
-101 6
7 13
-101 7
-101 8
-9 10
-9 10
-101 3
-101 3
-101 5
-101 5
-101 4
-8 10
-101 5
11 14
-101 7
6 12
-101 3
-102 7
-9 10
-10 10
-101 10
-9 10
-102 8
-9 10
5 10
-101 3
-101 3
-101 3
-8 10
-102 4
-101 5
-5 10
-250 8
-101 5
-102 5
-101 4
-101 4
-101 6
-101 4
-101 5
-101 4
-101 6
-101 3
-101 5
-250 8
-101 8
-101 4
-101 4
-250 7
-101 4
-101 3
-250 6
-101 3
-9 10
-101 3
-102 7
-250 7
-102 4
-101 3
-250 5
-101 5
-101 6
-101 4
-250 5
-101 4
-101 8
-250 6
-101 5
-101 4
-101 5
-250 7
-101 3
-250 5
-101 3
-101 5
-250 7
-101 3
-101 4
-250 6
-101 3
-250 6
-101 3
-250 6
-101 3
-101 4
-250 7
-101 3
-101 5
-250 5
-3 10
-7 10
-9 10
-102 8
10 13
-102 6
-101 7
-102 9
-10 10
-101 7
-101 6
-101 5
-101 7
-101 7
7 11
7 12
-8 10
-101 9
-10 10
-102 4
-10 10
-102 5
-102 4
-102 8
-101 7
-101 3
-101 5
-102 6
-101 4
-9 10
-8 10
-101 5
-101 5
-101 5
-101 4
-101 5
-101 5
-101 4
-101 4
-101 3
-101 6
-101 4
-101 3
-101 4
-101 4
-101 3
-101 3
-101 5
-101 3
-101 3
-101 3
-101 4
-101 4
-101 4
-101 3
-101 3
-101 3
-101 5
-101 4
-101 3
-101 3
-101 6
-101 3
-101 3
-101 4
-101 3
-101 4
-101 3
-101 3
-101 3
7 11
-101 3
-101 5
-101 4
-101 6
-101 5
-101 10
-102 10
-101 5
-101 4
-101 5
9 13
-101 3
-101 4
-101 4
-3 10
-101 4
-101 3
-102 9
-101 5
-1 10
-101 3
-101 5
-101 6
9 13
-101 3
-101 3
-101 4
-102 10
-101 8
-101 4
-101 4
-8 10
-101 3
-101 4
-8 10
-101 9
10 13
-101 4
-101 7
-101 10
-101 3
-7 10
-101 3
-101 4
-101 4
7 11
-4 10
-102 4
-101 4
-102 5
-101 4
-101 6
-101 4
-102 4
-101 4
-101 9
-1 10
-250 4
-250 7
-101 6
-102 7
1 1
-101 6
-102 6
-2 10
-101 3
-101 5
-101 5
-101 7
7 13
7 11
-101 3
8 13
-101 4
-102 7
-101 4
-102 5
-101 3
-101 10
-101 5
-101 4
2 10
-101 3
-101 3
-102 7
-101 5
-101 5
-102 5
-102 6
-101 3
-101 3
-101 3
-101 5
5 11
-8 10
-101 5
-9 10
-9 10
-9 10
-9 10
-9 10
-9 10
-9 10
-101 6
-9 10
-101 8
-9 10
-9 10
-9 10
5 11
-101 3
-101 3
-101 3
-101 4
-101 3
-102 6
-101 7
-102 7
-102 10
-102 9
-101 5
-101 6
-101 3
-101 5
-101 6
-101 4
-101 6
-101 6
-101 3
-101 6
-101 5
-101 5
-101 6
-101 3
-101 5
-101 5
-101 6
-101 5
-101 5
-101 5
-101 3
-10 10
-101 3
-101 3
-101 3
-101 4
-101 5
-101 4
-101 3
-101 5
-101 4
-101 5
-101 6
-101 5
-101 5
-101 5
-101 5
-101 5
-101 6
-101 6
-101 4
-101 6
-101 5
-101 6
-101 5
-101 4
-101 5
-101 4
-101 5
-101 5
-101 4
-101 5
-101 5
-101 4
-101 5
-101 5
-101 4
-101 5
-101 5
-101 5
-101 4
-102 4
-101 3
-101 3
-250 8
-101 4
-101 7
-101 3
-101 3
-101 3
-9 10
-101 4
-8 10
-101 5
-9 10
-10 10
-101 3
-101 10
-9 10
-101 3
-101 3
-101 6
-10 10
-101 5
-101 6
-9 10
-101 5
-101 3
-101 3
-101 4
-101 8
-101 9
-101 4
-101 3
-9 10
-101 4
-9 10
-101 3
-9 10
-101 4
-101 3
-101 10
-102 4
-101 8
-102 5
-101 5
-101 3
-101 3
-101 3
-101 3
-101 3
-101 3
-101 3
-101 3
-102 4
-101 3
-101 3
-101 3
-101 3
-101 3
-101 3
-101 3
-101 3
-101 3
-101 3
-102 5
-101 4
-101 6
-101 9
-101 10
-101 8
-101 3
-102 5
-101 5
-101 4
-101 4
-101 4
-101 4
-101 4
-101 4
-101 4
-101 4
-101 5
-101 3
-101 5
-101 3
-101 5
-101 3
-101 3
-101 4
-101 4
-101 4
-101 3
5 11
-101 3
-101 3
-250 7
-101 4
-101 4
-101 3
-101 4
-101 3
-102 3
-101 3
-101 3
-101 4
-101 4
-101 6
-102 6
-102 4
-101 9
-101 4
-101 3
-101 3
-101 3
-102 7
-101 3
-101 3
-101 3
-101 3
-101 3
-101 3
-101 4
-101 3
-101 4
-101 3
-101 3
-101 3
-101 3
-101 3
-102 7
-8 10
-101 3
-101 6
-10 10
-8 10
-9 10
-101 3
-101 3
-9 10
-9 10
-9 10
8 13
-250 9
-101 10
-101 6
-101 3
-101 3
-102 5
-101 3
-101 3
-101 3
-101 3
-101 6
-101 3
-9 10
-9 10
-10 10
-101 3
-9 10
-101 6
-101 3
-9 10
-101 3
-101 3
-101 3
-101 4
-101 3
-101 3
-101 3
-101 3
-101 3
-101 3
-101 3
-101 3
-101 3
-101 3
-101 3
-101 3
-101 3
-101 3
-101 3
-101 3
-101 4
-101 3
-101 3
-101 3
-101 3
-101 3
-101 3
-101 3
-101 3
-101 3
-101 4
-101 3
-101 3
-101 3
-101 3
-101 3
-101 3
-101 3
-101 3
-101 3
-101 3
-101 6
-101 3
-101 3
-101 3
-101 3
-101 3
-101 3
-101 3
-101 3
-101 3
-101 3
-101 3
-101 3
-101 3
-101 3
-101 3
-101 3
-101 3
-101 3
-101 3
-101 3
-101 3
-101 3
-101 3
-101 3
-101 3
-101 3
-101 3
-4 10
21 21
12 15
9 13
6 11
-102 7
-8 10
-101 5
15 18
-102 10
-101 6
-101 5
13 15
8 12
-101 7
-8 10
-8 10
-102 8
-101 8
-7 10
3 10
5 10
-102 5
-102 10
13 15
-101 3
-102 8
8 12
-101 5
-8 10
7 11
-102 7
-102 6
-8 10
-9 10
-101 6
-101 7
-101 5
-102 7
-102 10
-101 5
-102 5
-8 10
-102 7
-101 5
-101 4
-101 4
-101 5
18 20
20 20
40 33
-101 8
-102 9
-101 5
-101 7
-9 10
13 15
-8 10
-101 6
20 20
-10 10
-102 8
-102 7
-102 6
-102 6
-102 5
-102 4
12 15
-101 7
-101 7
-102 9
8 13
7 12
-102 5
-101 7
-101 4
-101 5
-102 5
-101 3
-102 6
9 13
-102 6
-101 4
-102 5
-102 3
-102 4
-101 3
-101 4
-101 6
-3 10
-101 5
-101 4
-102 5
-102 6
-8 10
-101 8
14 16
-8 10
-6 10
13 15
-8 10
-101 5
3 10
-102 10
14 16
-101 5
-101 7
17 18
15 17
-101 4
22 21
8 12
-8 10
-8 10
-101 4
18 20
-102 3
-101 4
-101 3
-101 5
23 22
-101 7
-8 10
-102 6
22 21
-9 10
-9 10
-8 10
-7 10
-102 4
21 21
-101 4
-9 10
-8 10
3 10
19 19
15 17
-9 10
-102 7
-101 3
-8 10
13 15
-101 10
-101 4
-101 10
-101 4
-8 10
-101 4
-101 5
20 20
18 19
-101 3
39 33
-9 10
-102 10
-101 9
6 11
-102 7
11 14
-3 10
-101 9
16 17
5 10
-102 2
-9 10
5 11
2 10
-7 10
6 11
-101 2
5 10
41 35
-101 1
1 10
-101 5
2 10
-101 2
-102 6
-101 4
-1 10
6 11
-102 6
-4 10
23 22
15 17
-9 10
-7 10
22 21
-7 10
-7 10
-101 8
-8 10
-6 10
16 17
-102 8
17 19
13 16
-101 6
-102 4
-102 5
-8 10
13 15
20 20
-101 6
12 16
-102 6
-8 10
12 15
-9 10
5 10
60 47
-9 10
-7 10
-102 7
2 10
21 21
-102 8
12 16
7 11
-101 9
-9 10
-101 7
-101 7
-102 9
-102 8
-8 10
-9 10
-101 4
-6 10
-102 3
-102 9
-101 3
-101 3
-101 3
-9 10
22 21
-8 10
-101 8
12 15
-101 4
-102 8
15 17
-102 5
-101 4
-101 4
-101 5
-101 4
-101 4
-9 10
-4 10
18 19
8 13
-102 5
-101 4
-7 10
-8 10
-101 5
-102 4
-101 8
0 10
6 12
-102 8
-101 4
-102 7
-101 6
-101 3
-102 5
-102 4
-102 4
-102 6
-101 5
-101 3
-102 5
-101 4
-101 7
-6 10
-102 4
-101 3
4 11
-101 4
-101 3
-101 3
-101 4
-101 4
-102 5
-102 10
-101 6
-101 5
-102 7
-102 5
-102 3
-101 4
-101 6
4 10
29 26
-9 10
-101 3
-101 3
5 11
-102 6
-101 3
-101 6
4 11
-102 7
-101 4
-101 3
-101 6
-4 10
-101 4
-102 9
-9 10
-101 7
-102 7
-10 10
-101 4
-101 4
-101 4
-102 5
-101 7
-101 5
-101 6
-101 6
-9 10
-101 5
1 10
-101 6
-6 10
-10 10
-101 3
-101 8
-8 10
-9 10
-101 9
-9 10
-9 10
-9 10
-8 10
-101 8
-9 10
-9 10
-9 10
-7 10
-102 10
-9 10
-8 10
-101 4
-101 7
-9 10
-9 10
-9 10
-101 6
-9 10
-101 7
-101 5
-101 8
-9 10
-9 10
-101 3
-9 10
-9 10
-7 5
3 10
-7 4
15 10
9 10
-7 3
2 10
-7 4
-7 4
-7 3
-7 5
-8 4
-6 4
-6 5
-8 3
-7 3
19 11
-6 6
11 10
-8 3
31 16
3 10
1 10
1 10
-7 3
29 16
-2 9
-7 3
-8 3
-7 4
-8 3
-7 3
-7 3
-7 4
-7 3
1 10
-8 3
-8 3
-8 3
2 10
1 10
1 10
0 10
-7 3
2 10
-2 8
-8 3
8 10
-4 7
-7 4
8 10
-4 6
-5 6
-5 5
-7 4
-7 4
9 10
20 12
-6 5
-8 4
-6 5
-7 4
-8 3
-6 5
-7 3
-7 4
34 17
-4 7
-7 5
-5 5
28 15
-7 4
-7 4
29 15
-6 4
-5 6
-7 4
2 10
15 10
-7 3
-7 3
-2 9
-7 4
-6 5
-5 5
-5 5
4 10
-7 4
2 10
-4 8
-5 7
-6 4
0 10
-6 5
-6 5
-5 5
-5 5
-6 4
-5 6
-6 4
-7 4
-7 3
-4 7
-6 4
-7 4
-5 6
14 10
20 13
-7 4
-6 4
-6 5
7 10
-7 3
-7 3
-6 5
-6 5
-7 3
-7 4
-8 3
-6 5
-8 3
-8 3
-7 3
-8 3
-8 3
-6 5
-7 3
1 10
-6 6
-8 3
-4 7
-7 3
-7 3
19 11
-5 5
-8 3
-7 4
-7 3
-6 5
12 10
-6 4
-3 8
-8 3
-8 3
-5 5
2 10
-7 4
-8 3
-6 6
-6 4
-8 3
-7 3
-8 3
-8 3
-7 4
-7 4
-8 4
-3 7
-6 5
-4 7
-4 7
0 10
-2 8
-1 10
-2 8
10 10
20 12
-7 4
-5 6
-7 4
-6 4
-7 4
12 10
-3 7
-8 3
-4 7
34 18
-7 4
-7 4
-5 5
-8 3
-7 4
-8 3
-8 3
-7 3
-8 3
-6 5
-7 5
-6 6
15 10
-7 5
-8 3
-3 9
-8 3
6 10
-7 3
-8 3
11 10
-8 3
-8 3
-7 4
-8 3
31 16
-1 10
-7 3
-7 4
-1 10
-6 4
-7 4
-8 3
5 10
-5 5
-8 3
-7 3
32 17
-6 4
-8 3
0 10
-4 7
-4 7
-7 4
1 10
-6 4
-7 3
40 20
0 10
-7 3
-4 7
1 10
18 12
-8 3
-8 4
-7 4
-8 3
10 10
12 10
13 10
-2 8
3 10
-3 7
-2 10
-5 6
-5 5
-4 8
-7 4
-8 3
-7 4
-4 7
-5 7
-5 5
-7 3
7 10
-1 10
-8 3
-7 5
-7 4
-7 5
-8 4
-6 6
-7 3
-6 6
5 10
-8 3
-7 3
16 10
-8 3
-7 3
32 17
-7 4
-1 9
5 10
-8 3
-4 7
-7 3
-8 4
1 10
14 10
9 10
-5 5
12 10
6 10
7 10
-7 4
-4 6
2 10
-8 3
-6 5
-7 3
-7 3
-3 7
-7 4
-4 7
-3 7
1 10
-8 3
-8 3
